treatment		Frequency		Percent
----------------------------------------------------------------------------------------------------
treatment		response
0				0				424				0.25
0				1				1250				0.75
1				0				255				0.15
1				1				1419				0.85

age		Frequency		Percent
----------------------------------------------------------------------------------------------------
age		response
18				0				3				0.43
18				1				4				0.57
19				0				1				0.17
19				1				5				0.83
20				0				7				0.58
20				1				5				0.42
21				0				1				0.17
21				1				5				0.83
22				0				2				0.22
22				1				7				0.78
23				0				6				0.33
23				1				12				0.67
24				0				6				0.26
24				1				17				0.74
25				0				3				0.17
25				1				15				0.83
26				0				2				0.12
26				1				14				0.88
27				0				7				0.29
27				1				17				0.71
28				0				8				0.22
28				1				29				0.78
29				0				14				0.40
29				1				21				0.60
30				0				10				0.29
30				1				25				0.71
31				0				8				0.13
31				1				55				0.87
32				0				10				0.15
32				1				55				0.85
33				0				16				0.22
33				1				56				0.78
34				0				11				0.16
34				1				58				0.84
35				0				19				0.27
35				1				51				0.73
36				0				17				0.19
36				1				74				0.81
37				0				20				0.20
37				1				79				0.80
38				0				14				0.15
38				1				80				0.85
39				0				13				0.13
39				1				85				0.87
40				0				15				0.15
40				1				84				0.85
41				0				16				0.18
41				1				75				0.82
42				0				20				0.18
42				1				94				0.82
43				0				10				0.10
43				1				93				0.90
44				0				25				0.26
44				1				71				0.74
45				0				23				0.19
45				1				95				0.81
46				0				25				0.20
46				1				99				0.80
47				0				25				0.23
47				1				85				0.77
48				0				31				0.22
48				1				109				0.78
49				0				27				0.23
49				1				92				0.77
50				0				20				0.17
50				1				99				0.83
51				0				20				0.21
51				1				76				0.79
52				0				23				0.19
52				1				97				0.81
53				0				25				0.22
53				1				91				0.78
54				0				20				0.19
54				1				85				0.81
55				0				11				0.12
55				1				78				0.88
56				0				17				0.20
56				1				70				0.80
57				0				20				0.24
57				1				64				0.76
58				0				24				0.27
58				1				64				0.73
59				0				14				0.18
59				1				62				0.82
60				0				14				0.23
60				1				47				0.77
61				0				13				0.22
61				1				47				0.78
62				0				13				0.27
62				1				36				0.73
63				0				5				0.10
63				1				44				0.90
64				0				7				0.27
64				1				19				0.73
65				0				3				0.20
65				1				12				0.80
66				0				5				0.50
66				1				5				0.50
67				0				1				0.50
67				1				1				0.50
68				0				3				0.75
68				1				1				0.25
69				0				4				1.00
69				1				0				0.00
70				0				2				0.50
70				1				2				0.50
72				0				0				0.00
72				1				2				1.00
73				0				0				0.00
73				1				1				1.00

der_sex_female		Frequency		Percent
----------------------------------------------------------------------------------------------------
der_sex_female		response
0				0				143				0.19
0				1				620				0.81
1				0				536				0.21
1				1				2049				0.79

pre_rx_any		Frequency		Percent
----------------------------------------------------------------------------------------------------
pre_rx_any		response
0				0				234				0.24
0				1				747				0.76
1				0				445				0.19
1				1				1922				0.81

pat_region_E		Frequency		Percent
----------------------------------------------------------------------------------------------------
pat_region_E		response
0				0				483				0.20
0				1				1903				0.80
1				0				196				0.20
1				1				766				0.80

pat_region_MW		Frequency		Percent
----------------------------------------------------------------------------------------------------
pat_region_MW		response
0				0				442				0.20
0				1				1766				0.80
1				0				237				0.21
1				1				903				0.79

pat_region_S		Frequency		Percent
----------------------------------------------------------------------------------------------------
pat_region_S		response
0				0				478				0.20
0				1				1879				0.80
1				0				201				0.20
1				1				790				0.80

idx_paytype_C		Frequency		Percent
----------------------------------------------------------------------------------------------------
idx_paytype_C		response
0				0				232				0.21
0				1				881				0.79
1				0				447				0.20
1				1				1788				0.80

idx_paytype_S		Frequency		Percent
----------------------------------------------------------------------------------------------------
idx_paytype_S		response
0				0				463				0.20
0				1				1820				0.80
1				0				216				0.20
1				1				849				0.80

idx_prodtype_H		Frequency		Percent
----------------------------------------------------------------------------------------------------
idx_prodtype_H		response
0				0				604				0.20
0				1				2366				0.80
1				0				75				0.20
1				1				303				0.80

idx_prodtype_P		Frequency		Percent
----------------------------------------------------------------------------------------------------
idx_prodtype_P		response
0				0				126				0.19
0				1				535				0.81
1				0				553				0.21
1				1				2134				0.79

idx_prodtype_S		Frequency		Percent
----------------------------------------------------------------------------------------------------
idx_prodtype_S		response
0				0				649				0.20
0				1				2537				0.80
1				0				30				0.19
1				1				132				0.81

idx_spec_01		Frequency		Percent
----------------------------------------------------------------------------------------------------
idx_spec_01		response
0				0				644				0.20
0				1				2516				0.80
1				0				35				0.19
1				1				153				0.81

idx_spec_02		Frequency		Percent
----------------------------------------------------------------------------------------------------
idx_spec_02		response
0				0				649				0.20
0				1				2561				0.80
1				0				30				0.22
1				1				108				0.78

idx_spec_03		Frequency		Percent
----------------------------------------------------------------------------------------------------
idx_spec_03		response
0				0				324				0.19
0				1				1355				0.81
1				0				355				0.21
1				1				1314				0.79

idx_spec_04		Frequency		Percent
----------------------------------------------------------------------------------------------------
idx_spec_04		response
0				0				432				0.21
0				1				1651				0.79
1				0				247				0.20
1				1				1018				0.80

pre_comor1		Frequency		Percent
----------------------------------------------------------------------------------------------------
pre_comor1		response
0				0				538				0.21
0				1				2069				0.79
1				0				141				0.19
1				1				600				0.81

pre_comor2		Frequency		Percent
----------------------------------------------------------------------------------------------------
pre_comor2		response
0				0				536				0.20
0				1				2092				0.80
1				0				143				0.20
1				1				577				0.80

pre_comor3		Frequency		Percent
----------------------------------------------------------------------------------------------------
pre_comor3		response
0				0				596				0.20
0				1				2396				0.80
1				0				83				0.23
1				1				273				0.77

pre_comor4		Frequency		Percent
----------------------------------------------------------------------------------------------------
pre_comor4		response
0				0				562				0.20
0				1				2240				0.80
1				0				117				0.21
1				1				429				0.79

pre_comor5		Frequency		Percent
----------------------------------------------------------------------------------------------------
pre_comor5		response
0				0				454				0.20
0				1				1843				0.80
1				0				225				0.21
1				1				826				0.79

pre_comor6		Frequency		Percent
----------------------------------------------------------------------------------------------------
pre_comor6		response
0				0				589				0.20
0				1				2322				0.80
1				0				90				0.21
1				1				347				0.79

pre_comor7		Frequency		Percent
----------------------------------------------------------------------------------------------------
pre_comor7		response
0				0				597				0.20
0				1				2403				0.80
1				0				82				0.24
1				1				266				0.76

pre_comor11		Frequency		Percent
----------------------------------------------------------------------------------------------------
pre_comor11		response
0				0				580				0.20
0				1				2288				0.80
1				0				99				0.21
1				1				381				0.79

pre_comor12		Frequency		Percent
----------------------------------------------------------------------------------------------------
pre_comor12		response
0				0				625				0.20
0				1				2511				0.80
1				0				54				0.25
1				1				158				0.75

pre_comor13		Frequency		Percent
----------------------------------------------------------------------------------------------------
pre_comor13		response
0				0				503				0.19
0				1				2106				0.81
1				0				176				0.24
1				1				563				0.76

pre_comor14		Frequency		Percent
----------------------------------------------------------------------------------------------------
pre_comor14		response
0				0				651				0.20
0				1				2583				0.80
1				0				28				0.25
1				1				86				0.75

pre_comor15		Frequency		Percent
----------------------------------------------------------------------------------------------------
pre_comor15		response
0				0				635				0.20
0				1				2530				0.80
1				0				44				0.24
1				1				139				0.76

pre_comor16		Frequency		Percent
----------------------------------------------------------------------------------------------------
pre_comor16		response
0				0				592				0.20
0				1				2436				0.80
1				0				87				0.27
1				1				233				0.73

pre_comor23		Frequency		Percent
----------------------------------------------------------------------------------------------------
pre_comor23		response
0				0				511				0.19
0				1				2115				0.81
1				0				168				0.23
1				1				554				0.77

pre_comor24		Frequency		Percent
----------------------------------------------------------------------------------------------------
pre_comor24		response
0				0				629				0.20
0				1				2491				0.80
1				0				50				0.22
1				1				178				0.78

pre_comor25		Frequency		Percent
----------------------------------------------------------------------------------------------------
pre_comor25		response
0				0				517				0.20
0				1				2011				0.80
1				0				162				0.20
1				1				658				0.80

pre_comor27		Frequency		Percent
----------------------------------------------------------------------------------------------------
pre_comor27		response
0				0				638				0.20
0				1				2516				0.80
1				0				41				0.21
1				1				153				0.79

pre_comor30		Frequency		Percent
----------------------------------------------------------------------------------------------------
pre_comor30		response
0				0				645				0.20
0				1				2520				0.80
1				0				34				0.19
1				1				149				0.81

pre_comor31		Frequency		Percent
----------------------------------------------------------------------------------------------------
pre_comor31		response
0				0				606				0.20
0				1				2452				0.80
1				0				73				0.25
1				1				217				0.75

pre_ampyra1		Frequency		Percent
----------------------------------------------------------------------------------------------------
pre_ampyra1		response
0				0				626				0.21
0				1				2407				0.79
1				0				53				0.17
1				1				262				0.83

pre_mri_any		Frequency		Percent
----------------------------------------------------------------------------------------------------
pre_mri_any		response
0				0				160				0.20
0				1				655				0.80
1				0				519				0.20
1				1				2014				0.80

pre_90_cort_any		Frequency		Percent
----------------------------------------------------------------------------------------------------
pre_90_cort_any		response
0				0				496				0.20
0				1				1987				0.80
1				0				183				0.21
1				1				682				0.79

pre_cort_oral		Frequency		Percent
----------------------------------------------------------------------------------------------------
pre_cort_oral		response
0				0				426				0.19
0				1				1801				0.81
1				0				253				0.23
1				1				868				0.77

pre_cort_iv		Frequency		Percent
----------------------------------------------------------------------------------------------------
pre_cort_iv		response
0				0				431				0.20
0				1				1775				0.80
1				0				248				0.22
1				1				894				0.78

pre_relapse		Frequency		Percent
----------------------------------------------------------------------------------------------------
pre_relapse		response
0				0				424				0.20
0				1				1670				0.80
1				0				255				0.20
1				1				999				0.80

num_pre_meds_upmedian		Frequency		Percent
----------------------------------------------------------------------------------------------------
num_pre_meds_upmedian		response
0				0				303				0.19
0				1				1330				0.81
1				0				376				0.22
1				1				1339				0.78

num_pre_op_dx_upmedian		Frequency		Percent
----------------------------------------------------------------------------------------------------
num_pre_op_dx_upmedian		response
0				0				323				0.21
0				1				1187				0.79
1				0				356				0.19
1				1				1482				0.81

pre_non_ms_total_allowed_upmedian		Frequency		Percent
----------------------------------------------------------------------------------------------------
pre_non_ms_total_allowed_upmedian		response
0				0				331				0.20
0				1				1343				0.80
1				0				348				0.21
1				1				1326				0.79

pre_ms_total_allowed_upmedian		Frequency		Percent
----------------------------------------------------------------------------------------------------
pre_ms_total_allowed_upmedian		response
0				0				417				0.25
0				1				1257				0.75
1				0				262				0.16
1				1				1412				0.84

pchrlson_2		Frequency		Percent
----------------------------------------------------------------------------------------------------
pchrlson_2		response
0				0				569				0.20
0				1				2313				0.80
1				0				110				0.24
1				1				356				0.76

pchrlson_3		Frequency		Percent
----------------------------------------------------------------------------------------------------
pchrlson_3		response
0				0				216				0.22
0				1				777				0.78
1				0				463				0.20
1				1				1892				0.80

