Response_variable,Sample proportion,Model,Mean_AUC_training,SD_AUC_training,Mean_AUC_test,SD_AUC_test,NA,NA,NA,NA,NA,NA
persistent,0.5,std,training,1334,340,1116,122,0.836581709145427,0.358823529411765,0.836581709145427,0.358823529411765,0.739545997610514
persistent,0.5,std,test,1335,339,1090.5,107,0.81685393258427,0.315634218289086,0.824599633139992,0.304171189708527,0.715352449223417
persistent,0.5,stepwise,training,1334,340,1111.5,116,0.833208395802099,0.341176470588235,0.8322773915959,0.342616512480363,0.733273596176822
persistent,0.5,stepwise,test,1335,339,1101.5,111,0.825093632958801,0.327433628318584,0.828516848642874,0.322448341696656,0.724313022700119
persistent,0.5,lasso,training,1334,340,1116,122,0.836581709145427,0.358823529411765,0.836581709145427,0.358823529411765,0.739545997610514
persistent,0.5,lasso,test,1335,339,1090.5,107,0.81685393258427,0.315634218289086,0.824599633139992,0.304171189708527,0.715352449223417
persistent,0.1194743130227,std,training,319,81,274,36,0.858934169278997,0.444444444444444,0.858934169278997,0.444444444444444,0.775
persistent,0.1194743130227,std,test,2350,598,1884.5,165,0.801914893617021,0.275919732441472,0.813059498823167,0.263481111268489,0.695217096336499
persistent,0.1194743130227,stepwise,training,319,81,276,32.5,0.865203761755486,0.401234567901235,0.8506601443769,0.429225352112676,0.77125
persistent,0.1194743130227,stepwise,test,2350,598,1903.5,175.5,0.81,0.293478260869565,0.817904864303722,0.293039503191306,0.705223880597015
persistent,0.1194743130227,lasso,training,319,81,274,36,0.858934169278997,0.444444444444444,0.858934169278997,0.444444444444444,0.775
persistent,0.1194743130227,lasso,test,2350,598,1885,165.5,0.802127659574468,0.276755852842809,0.813275931117341,0.264288822437094,0.695556309362279
